           min    max       mean    isnull
age       18.0   55.0  26.358928  0.011339
age_o     18.0   55.0  26.364999  0.012413
race       1.0    6.0   2.757186  0.007520
race_o     1.0    6.0   2.756653  0.008713
date       1.0    7.0   5.006762  0.011578
go_out     1.0    7.0   2.158091  0.009429
exphappy   1.0   10.0   5.534131  0.012055
attr1_1    0.0  100.0  22.514632  0.009429
attr       0.0   10.0   6.189995  0.024111
pf_o_att   0.0  100.0  22.495347  0.010623
attr_o     0.0   10.5   6.190411  0.025304
sinc1_1    0.0   60.0  17.396389  0.009429
sinc       0.0   10.0   7.175164  0.033063
pf_o_sin   0.0   60.0  17.396867  0.010623
sinc_o     0.0   10.0   7.175256  0.034256
intel1_1   0.0   50.0  20.265613  0.009429
intel      0.0   10.0   7.368597  0.035331
pf_o_int   0.0   50.0  20.270759  0.010623
intel_o    0.0   10.0   7.369301  0.036524
fun1_1     0.0   50.0  17.457043  0.010623
fun        0.0   10.0   6.400598  0.041776
pf_o_fun   0.0   50.0  17.459714  0.011697
fun_o      0.0   11.0   6.400599  0.042970
amb1_1     0.0   53.0  10.682539  0.011817
amb        0.0   10.0   6.777524  0.084984
pf_o_amb   0.0   53.0  10.685375  0.012772
amb_o      0.0   10.0   6.778409  0.086178
shar1_1    0.0   30.0  11.845111  0.014443
shar       0.0   10.0   5.474559  0.127357
pf_o_sha   0.0   30.0  11.845930  0.015397
shar_o     0.0   10.0   5.474870  0.128432
====================
DecisionTreeClassifier()
0.7936781609195402
      0    1
0  1251  184
1   175  130
====================
GaussianNB()
0.771264367816092
      0    1
0  1133  302
1    96  209
====================
KNeighborsClassifier(metric='euclidean', n_neighbors=3)
0.8132183908045977
      0    1
0  1334  101
1   224   81
====================
KNeighborsClassifier(metric='euclidean')
0.8224137931034483
      0   1
0  1368  67
1   242  63
====================
KNeighborsClassifier(metric='euclidean', n_neighbors=7)
0.8235632183908046
      0   1
0  1379  56
1   251  54
====================
NeuralNetwork
0.8471264243125916
      0   1
0  1401  34
1   232  73
